,BA1,BA2,BA3,BA4,BA5,BA6,BA7,BA8,BE1,BE2,BE3,BE4,BE5,BE6,BE7,BE8,CA1,CA2,CA3,CA4,CA5,DE1,DE2,EA1,HE1,HE2,HE3,IR1,IR2,IR3,IR4,MA1,MA2,MA3,MA4,MI1,MI2,MI3,MI4,MI5,MI6,NO1,NO2,OA1,OA2,OA3,OA4,OA5,OA6,OA7,OA8,OA9,OA10,OA11,OA12,OA13,OA14,OA15,OA16,OT1,OT2,OT3,OT4,OT5,OT6,OT7,OU1,OU2,OU3,OU4,OU5,OU6,OU7,OU8,OU9,OU10,OU11,OU12,OU13,OU14,OU15,OU16,OU17,OU18,OU19,OU20,OU21,OU22,OU24,OU25,OU26,OU27,OU28,OU29,RA1,RA2,RO1,RO2,RO3,RO4,RO5,RO6,SA1,SA2,SA3,SA4,SA5,SA6,SA7,SA8,SA9,SA10,SA11,SA12,SO1,SO2,STC9,STC10,STC12,STD5,STD6,STD7,STD8,STD9,STD10,STD11,STE3,STE4,STE5,STE6,STE7,STE9,STE10,STF2,STF3,STF4,STF5,STF7,STF9,STG2,STG3,STG4,STG6,STG7,STG9,STH4,YO1,YO2,OU23,ST1,ST2,ST3,ST4,ST5,ST6
BA1,0,1057.620356,1383.215822,2216.255649,2793.793188,3132.897941,3573.716322,4462.160469,18678.8329,19694.14381,19663.40992,19650.15639,20691.7381,20679.93876,20669.52769,21648.33659,23792.30652,24612.32684,25401.41855,25719.36099,26544.20926,25805.57485,26876.3609,24237.33696,7197.084044,7904.690053,8598.754701,20580.81903,20898.86039,21361.04199,21871.23593,14730.84924,16043.66375,16980.15574,17393.65167,20345.26143,21290.64476,20583.20897,21533.25101,22538.79182,23733.42457,28394.80804,29388.25558,9467.313281,10108.79042,10447.93031,10697.38286,11032.26582,11273.06169,11434.6319,11682.80823,11976.24341,12189.79596,12257.62961,12423.65413,12620.95216,13248.2871,13444.16282,13603.30844,17410.58961,17615.28388,18399.76195,18591.78188,18820.63097,19566.59014,19822.54513,29574.32479,30375.77552,30264.63988,31004.42602,31792.08586,31675.47073,32414.4374,33186.70919,31624.65381,32347.49686,33837.47627,32325.05748,33044.19205,33775.41509,34504.42229,33773.10099,34472.70917,35211.50777,33786.71061,34534.95809,35151.6862,35940.27337,35876.23015,36573.02256,37277.5676,36607.33529,37300.18159,37999.4385,15693.85528,16002.36203,21549.97182,22523.95371,22758.76658,23516.7424,23742.43261,24483.00101,21385.38763,20664.10827,19924.74064,22804.05386,22043.46426,21347.29566,20646.54644,23485.61233,22770.18542,22042.28906,21175.07734,22168.4195,23211.48743,24168.87516,21043.31713,21821.27038,23362.31378,17598.61568,18338.63507,18970.00318,19703.48261,20483.28979,21213.73177,21809.26111,15514.02599,16196.38226,16816.8011,17589.24836,18266.32467,19814.5413,20513.05054,14231.99597,14816.05079,15442.25118,16145.72157,17666.40358,19268.67455,13376.17462,14054.03839,14761.94276,16239.65429,17006.36931,18765.55941,14047.66146,17805.35661,19123.36396,33111.3843,13350.74796,16925.41753,19064.27134,18468.22483,22522.29435,12616.92432
BA2,1057.620356,0,821.0637089,1241.56733,2034.765762,2098.242997,2648.336062,3468.419394,17638.75606,18665.40757,18623.40423,18601.469,19662.23894,19639.85234,19621.11571,20607.14065,22877.93699,23685.06872,24461.69523,24754.21995,25570.00436,24752.12142,25823.32945,23915.27058,6310.945757,7080.407877,7715.786168,19596.52572,19921.2729,20363.57246,20888.90457,13717.00495,15038.54517,15966.75886,16398.08616,19953.07128,20911.94829,20146.35024,21108.0615,22124.95218,23289.38696,27382.55082,28374.54575,8410.721138,9083.275558,9390.50086,9646.764898,9997.177877,10219.61124,10377.01248,10630.79824,10934.18778,11150.52659,11205.30058,11366.17563,11565.57829,12196.83969,12387.07564,12546.83854,16354.33395,16563.91771,17343.02384,17538.79406,17773.94325,18512.45857,18774.15959,28784.55719,29601.27015,29457.11691,30212.06222,31014.08941,30866.18296,31619.92151,32405.56402,30785.3516,31522.12718,33039.5428,31471.14032,32204.10397,32948.69267,33691.20536,32918.63123,33632.44853,34383.53565,32907.62344,33669.41358,34298.17369,35099.37279,35010.13138,35719.19408,36435.97416,35729.8695,36434.41665,37145.66575,14721.55869,15012.50013,20495.19523,21468.40882,21707.11637,22460.59313,22689.57704,23433.59981,20837.79293,20088.19214,19320.75784,22251.55104,21464.99829,20740.0592,20010.56673,22904.23692,22163.2236,21407.82855,20511.54265,21480.31235,22175.36212,23129.57574,20235.32289,21028.55954,22611.03133,16714.52298,17480.35115,18136.24022,18893.35506,19696.19218,20448.54062,21070.0473,14598.76973,15309.58939,15956.9789,16755.73346,17459.37906,19055.47757,19777.90649,13310.50458,13929.67808,14583.3012,15315.22586,16890.02062,18543.01618,12483.51499,13193.51725,13931.94393,15471.62715,16264.84361,18079.41955,13254.90525,16958.55977,18296.02075,32299.90456,12527.23081,16121.421,18281.51517,17717.02409,21749.44347,11757.90234
BA3,1383.215822,821.0637089,0,1023.500745,1410.629651,1993.894427,2237.429357,3183.727376,17754.36773,18822.72415,18738.11364,18672.14414,19815.84289,19753.08793,19692.37683,20714.52005,22419.38377,23243.94325,24038.4737,24371.64907,25203.38751,24783.11535,25857.36932,24685.97567,5822.033003,6521.474312,7221.571645,19250.73539,19562.36524,20045.16577,20538.80642,13442.7026,14740.8028,15689.30129,16077.36292,19166.73846,20122.55603,19372.12369,20330.70004,21344.66605,22517.9232,27097.25061,28092.77735,8355.363059,8851.071831,9352.912108,9525.266855,9796.563062,10272.01804,10351.31315,10516.89787,10761.03814,11282.88389,11264.12075,11352.85142,11481.80742,12259.76585,12384.40494,12476.8009,16274.90627,16435.39876,17270.90202,17422.0395,17614.9405,18405.20853,18624.05578,28195.97737,29000.30235,28883.77326,29625.70779,30415.97269,30294.43376,31035.42547,31810.0398,30241.51257,30964.99625,32457.98745,30941.95235,31661.03989,32392.84302,33123.01211,32390.00394,33089.55884,33828.87285,32405.51596,33152.40781,33768.55672,34557.11496,34493.70391,35189.89534,35894.39994,35225.88383,35917.61614,36616.3047,15022.05017,15277.31282,20392.9927,21374.48206,21576.59712,22374.32268,22567.92696,23286.80854,21523.94618,20760.34703,19978.16018,22934.33643,22134.79803,21394.45652,20648.54607,23571.5486,22816.76135,22045.62217,21131.66435,22083.06113,21965.68994,22932.16527,19662.04426,20442.04467,21991.69224,16219.01959,16955.95428,17586.88798,18321.91271,19104.85193,19839.59268,20441.67806,14142.88415,14817.4706,15434.29723,16206.117,16884.99563,18441.62627,19146.4405,12863.61245,13437.29269,14059.76712,14762.64186,16289.55901,17904.66227,11999.0983,12671.79162,13378.84045,14864.24072,15637.39206,17414.95263,12667.62316,17429.63365,18785.51048,31730.1334,11967.81945,15544.30898,17686.43629,17097.01021,21146.65907,11234.7023
BA4,2216.255649,1241.56733,1023.500745,0,1011.116701,971.4614987,1410.223303,2246.321023,16732.61723,17805.39129,17716.21835,17648.64364,18797.85791,18731.02057,18668.87612,19692.03328,21636.37391,22444.02207,23222.04028,23520.64246,24339.92122,23761.11997,24835.20513,24254.83208,5074.457902,5863.67316,6478.8369,18371.10329,18692.48069,19146.58089,19662.49303,12514.8543,13827.64357,14764.06286,15179.57126,18999.46708,19967.99413,19155.70282,20125.33411,21149.96838,22288.65969,26178.57119,27172.0858,7341.094369,7897.39932,8336.280039,8527.74958,8828.70464,9248.52471,9333.384277,9517.813408,9782.349494,10263.98882,10240.62027,10333.6537,10475.28389,11236.26925,11364.25505,11467.54835,15268.8927,15443.14418,16263.39604,16426.36774,16633.55468,17406.95303,17639.64708,27568.63709,28391.08845,28234.88469,28994.995,29802.31911,29643.21905,30401.90977,31192.39407,29553.70519,30294.18106,31820.17649,30236.0734,30972.17105,31720.25556,32466.73104,31683.38217,32400.39112,33154.65332,31668.21353,32432.02893,33063.06549,33867.08257,33772.61056,34483.96485,35203.45338,34490.61101,35196.91262,35910.39709,14045.2234,14286.9374,19393.66464,20373.046,20586.02533,21371.02875,21574.66975,22302.01872,20896.94817,20109.99607,19304.86915,22299.8669,21478.99368,20714.8305,19945.26387,22910.25586,22134.36441,21340.58885,20403.04949,21331.03825,21006.30516,21967.40227,19014.51773,19813.11055,21412.41441,15475.17483,16245.58317,16907.67979,17672.17403,18483.33148,19244.52155,19877.66761,13357.20556,14070.01227,14722.13737,15527.59666,16239.79018,17854.7716,18588.11897,12068.98595,12690.31243,13348.95716,14088.46348,15682.76954,17358.68711,11243.52187,11959.17826,12705.88908,14268.91399,15074.12282,16916.81429,12043.06433,16550.87724,17920.34938,31076.09763,11304.08832,14903.45016,17070.93775,16520.65346,20541.70316,10524.42563
BA5,2793.793188,2034.765762,1410.629651,1011.116701,0,1383.286793,1001.597694,2014.88587,16862.52909,17985.90853,17841.83759,17717.30283,18970.68433,18851.85468,18735.51517,19802.85328,21018.44358,21847.71496,22647.94632,22997.44802,23836.48857,23765.72738,24842.16317,25197.66001,4422.372701,5110.987873,5817.991734,17897.42702,18201.74056,18707.44026,19182.36322,12143.39627,13422.15336,14383.62273,14741.70356,18004.90186,18971.334,18171.63862,19138.90587,20161.37089,21308.45334,25776.82138,26774.27638,7304.890127,7604.578103,8312.595586,8385.432654,8573.564517,9338.405441,9316.126101,9377.97608,9559.173315,10451.36783,10330.00106,10325.02934,10370.0839,11323.52463,11362.91783,11375.02422,15148.28508,15257.38203,16149.5291,16253.56233,16404.93032,17244.31729,17420.61279,26792.4997,27600.43746,27476.97561,28221.72235,29015.26461,28887.38998,29631.03635,30408.60048,28831.26938,29555.86981,31052.96165,29531.32306,30250.76876,30983.60154,31715.43595,30979.37525,31679.29125,32419.5293,30996.2477,31742.05615,32357.92758,33146.82608,33083.36747,33779.26604,34484.0861,33816.38645,34507.25194,35205.676,14425.58345,14620.21987,19233.65137,20222.0654,20387.41502,21228.35292,21386.08457,22080.13857,21738.1575,20935.26701,20113.51965,23134.72876,22298.97612,21517.02352,20728.60858,23724.92936,22933.04716,22121.02239,21163.31159,22067.82125,20705.09654,21680.88608,18254.8318,19037.64711,20598.31003,14811.46871,15545.53892,16176.72855,16914.29859,17701.57829,18441.92663,19052.29608,12744.7265,13410.68802,14024.01829,14795.92307,15477.77495,17045.68871,17758.48311,11468.91712,12030.75677,12649.51191,13352.57678,14888.64407,16520.24232,10594.55377,11261.74857,11968.73128,13465.44295,14247.05927,16047.61154,11262.54061,17136.16768,18524.08556,30322.78559,10558.1012,14137.46147,16284.06327,15703.46955,19746.95803,9824.70218
BA6,3132.897941,2098.242997,1993.894427,971.4614987,1383.286793,0,967.364989,1422.956157,15769.29254,16850.23141,16752.52969,16679.43284,17841.52543,17766.90366,17699.62798,18726.87321,20870.88988,21662.06227,22424.17118,22690.62493,23498.09927,22789.70976,23863.83318,23938.84122,4415.87444,5291.641061,5803.116967,17517.64825,17847.87163,18275.13544,18811.27067,11621.12614,12946.50812,13870.82483,14311.66163,18827.56375,19805.81214,18936.40223,19914.2701,20946.85013,22050.31938,25286.47547,26277.99291,6373.03544,6985.067712,7366.626211,7572.7136,7900.894775,8279.111892,8362.995923,8560.99522,8843.427822,9307.085537,9271.510136,9362.697341,9512.251716,10267.29654,10392.98611,10502.3671,14305.61785,14490.37877,15298.9985,15470.73562,15689.47674,16449.20765,16692.86681,26944.9903,27783.89299,27590.472,28367.13543,29189.94143,28995.68732,29770.49735,30575.3768,28871.97499,29627.90595,31183.90226,29537.10164,30288.66552,31051.5429,31812.84698,30982.99088,31715.88951,32483.70494,30939.36244,31718.52274,32363.09035,33181.10545,33057.87841,33782.98321,34516.06699,33762.49975,34481.98972,35208.884,13147.73778,13371.4187,18434.92677,19412.68531,19633.89119,20409.27626,20620.35436,21354.28378,20385.21699,19574.93698,18746.81495,21778.26576,20936.10963,20147.83121,19354.16673,22359.71768,21562.51234,20745.68593,19784.10665,20685.6956,20079.91436,21036.2372,18381.10923,19196.31738,20840.83715,14754.83749,15556.29599,16247.34666,17038.92176,17875.84379,18661.17284,19323.09686,12600.31173,13349.06021,14034.2796,14870.76731,15613.81381,17281.93744,18041.36991,11306.37232,11973.34141,12665.938,13439.48581,15095.53378,16826.47807,10522.5634,11278.78663,12062.41889,13696.93776,14531.08056,16432.03522,11450.3748,15769.98382,17153.52353,30425.0661,10675.3967,14284.95605,16472.00379,15960.95369,19946.80647,9852.266328
BA7,3573.716322,2648.336062,2237.429357,1410.223303,1001.597694,967.364989,0,1013.37442,15871.4137,17003.19658,16849.82785,16718.95538,17986.14524,17858.94652,17736.87014,18808.47329,20234.45677,21046.89677,21830.81382,22146.14552,22973.22033,22764.16028,23840.60824,24843.10144,3664.236421,4466.367376,5068.67321,17015.76137,17329.82104,17807.81759,18304.65339,11210.00947,12504.27503,13455.29365,13839.98854,17864.74064,18842.15906,17979.68148,18956.44784,19988.02611,21097.26866,24860.97033,25856.82027,6303.425417,6638.438279,7311.207516,7389.50737,7598.420894,8345.543986,8314.731163,8382.401167,8577.566087,9475.472413,9336.271221,9323.706438,9371.522403,10328.90788,10361.66339,10375.79109,14152.55619,14271.31445,15153.26306,15265.48331,15428.17959,16254.79252,16441.96878,26166.72438,26992.97497,26829.20092,27592.30579,28403.04446,28237.11337,28998.59694,29792.12518,28144.01441,28885.72973,30416.02152,28825.8535,29562.40284,30311.59802,31059.81067,30273.15911,30990.5885,31745.81743,30259.30431,31022.06185,31652.84416,32457.22295,32362.68388,33073.74179,33793.54153,33081.57697,33786.98214,34500.17381,13508.75813,13683.86203,18244.10484,19231.27897,19405.09045,20236.49105,20401.95242,21103.16376,21194.4262,20369.54912,19526.25502,22579.98553,21724.149,20919.35666,20108.19833,23141.25499,22329.16737,21495.31398,20515.03567,21392.55415,19749.6621,20721.07416,17610.01251,18411.97338,20023.67418,14066.2023,14835.39069,15499.21211,16267.534,17084.12361,17851.83708,18494.36789,11954.84836,12661.25335,13311.94332,14119.36378,14836.26261,16464.99661,17207.35974,10668.6927,11281.35174,11938.82101,12680.95935,14288.22737,15983.13927,9835.252484,10549.05361,11298.85825,12878.44192,13693.7508,15561.7894,10645.88033,16333.44892,17733.16396,29669.53071,9898.936173,13501.14534,15673.58616,15134.8308,19145.98767,9114.479612
BA8,4462.160469,3468.419394,3183.727376,2246.321023,2014.88587,1422.956157,1013.37442,0,14873.234,16015.45042,15850.39588,15711.12813,16995.98526,16858.27513,16728.59373,17805.84256,19449.35256,20243.07107,21008.99572,21287.82653,22101.76782,21751.15798,22827.64682,24538.76331,3027.915414,3950.72244,4398.434874,16128.51574,16452.87613,16900.55361,17420.66815,10271.17751,11581.50343,12519.89423,12933.78368,17760.60836,18746.32454,17822.05763,18805.72247,19843.92509,20911.72501,23933.47728,24927.3931,5290.835371,5667.467836,6298.789195,6381.420563,6614.827796,7346.588976,7302.270747,7374.507695,7585.478548,8499.325164,8335.731375,8311.390536,8360.43272,9326.871245,9349.473025,9364.021039,13143.95497,13272.54636,14144.09729,14264.49812,14439.01628,15252.2334,15450.62015,25542.89483,26387.5163,26181.77868,26963.41699,27791.41625,27585.95076,28365.45005,29175.00151,27454.32704,28213.38428,29777.19041,28116.69918,28870.61623,29636.37618,30401.15098,29562.35615,30297.59492,31067.96923,29516.51467,30296.51314,30942.4647,31762.49621,31635.74915,32362.19436,33097.17486,32339.65708,33059.82467,33787.99648,12602.83497,12754.15021,17241.37022,18227.25394,18409.55363,19231.36389,19404.494,20112.90948,20695.58242,19848.46749,18983.40311,22067.10957,21190.97408,20362.78352,19528.26868,22596.50283,21763.75035,20907.44995,19904.06808,20750.8432,18782.00435,19748.62238,16977.79812,17798.64216,19461.55995,13332.94291,14138.74627,14836.45842,15636.17876,16482.36136,17277.60012,17952.93503,11177.65324,11927.25505,12617.39259,13461.39223,14214.3599,15904.12796,16676.15045,9883.981079,10552.17012,11250.57487,12033.26493,13712.63354,15470.24204,9101.226676,9864.719786,10659.03342,12322.86563,13171.37546,15104.91733,10069.09001,15557.00972,16968.0573,29014.23619,9279.086045,12889.22318,15082.86407,14590.75303,18557.56119,8441.478866
BE1,18678.8329,17638.75606,17754.36773,16732.61723,16862.52909,15769.29254,15871.4137,14873.234,0,1406.387165,984.6498837,1373.052153,2223.117703,2001.126458,2207.358192,2971.247329,15193.84544,15268.32094,15342.37073,14560.24392,14771.69427,7396.729071,8420.026526,22278.37153,14048.45809,14423.49135,13507.98624,10672.49582,11123.9632,10385.84397,11389.33667,8467.358025,8692.243877,8267.805456,9201.526908,24326.89947,25191.15836,23788.11577,24626.06821,25522.59944,25888.44048,14399.88833,15145.53362,9658.173251,10242.39967,8669.491043,8943.849959,9324.339467,7526.651571,7698.196335,8086.963865,8409.621491,6489.059956,6538.543238,6720.730807,7082.752585,5552.165233,5726.852106,6183.079906,4267.343358,5220.055563,4021.819105,4982.254617,5920.595041,4964.710067,5973.123405,23034.89802,24062.92962,23107.36422,24102.77686,25115.2384,24195.46064,25195.48218,26184.65954,23322.82818,24306.93015,26291.03263,23477.87425,24472.99619,25460.6189,26446.61346,24673.19741,25673.24776,26647.63693,23954.03492,24997.13138,25876.72852,26916.11828,26137.29442,27099.95404,28063.23791,26439.10793,27393.28237,28356.05671,4717.641024,3983.853554,5745.878202,6210.849261,7070.437277,6803.508014,7601.041628,8621.381584,16307.7275,15360.54981,14433.98902,17037.08726,16060.61597,15081.31317,14117.37778,16870.43716,15896.20091,14887.79357,13788.66663,13771.12931,8980.602183,9373.173895,16736.38747,17563.22174,19527.09061,13181.64819,14148.53916,15053.27156,15992.13342,16957.34678,17886.21395,18841.12825,11859.53683,12749.64352,13607.42369,14516.6028,15425.07021,17268.96251,18183.5782,11629.54557,12554.3652,13311.54806,14142.32583,15885.89821,17727.25263,12356.79898,13094.38199,13850.86144,15540.62492,16365.52668,18285.93218,14490.21665,8134.765563,8957.437867,25320.61711,13806.70571,14989.03123,16350.87475,16786.795,18475.78617,13091.98292
BE2,19694.14381,18665.40757,18822.72415,17805.39129,17985.90853,16850.23141,17003.19658,16015.45042,1406.387165,0,986.6763094,1994.492896,999.1277768,1414.681486,2227.317641,2268.549019,16245.08561,16257.897,16266.99253,15402.46494,15539.48426,6887.114759,7838.638328,21671.27959,15328.09526,15737.61141,14835.20083,11797.39104,12237.79611,11428.84576,12428.34445,9869.728271,10063.72907,9600.93717,10515.99799,25715.74382,26575.44277,25169.23099,26001.22315,26891.28783,27239.03962,14884.83401,15568.18232,10864.97373,11558.13644,9893.235477,10231.12745,10659.28112,8687.343807,8944.151571,9404.7462,9764.470251,7543.587538,7714.836738,7990.167445,8416.342424,6750.60061,7025.049783,7543.345128,5602.501806,6521.767942,5240.958361,6174.832999,7094.275424,6003.305459,7009.893623,24059.57293,25086.94074,24089.54788,25087.47909,26100.90337,25138.40744,26142.88904,27134.20394,24217.54668,25206.7477,27200.47284,24326.46977,25328.88329,26322.85952,27315.75492,25482.58027,26493.63449,27474.40267,24709.91022,25763.98407,26654.32588,27701.57273,26870.53725,27844.50284,28818.63225,27128.92111,28095.32247,29070.51481,4919.284356,4262.953843,6420.244452,6695.168192,7633.322715,7110.078392,8005.2618,9021.476858,15645.89446,14723.60855,13830.24959,16282.43048,15326.49008,14366.12127,13427.53605,16047.20149,15087.25147,14096.62524,13030.37328,12912.03191,9685.315407,9950.404572,17996.46923,18808.85381,20755.83718,14517.76805,15469.7047,16364.09403,17290.94994,18244.33992,19163.906,20116.44533,13244.58528,14122.50635,14969.62203,15865.14618,16763.43528,18584.58499,19491.64969,13032.33815,13951.29022,14700.83543,15522.20467,17244.73811,19065.52882,13763.15611,14498.47713,15249.92477,16925.41062,17741.92002,19643.25006,15895.03081,7613.477917,8246.440713,26224.86693,15213.07785,16357.74657,17676.70117,18134.8148,19713.52786,14496.79998
BE3,19663.40992,18623.40423,18738.11364,17716.21835,17841.83759,16752.52969,16849.82785,15850.39588,984.6498837,986.6763094,0,1008.083202,1403.785426,1016.534168,1412.300639,1988.390804,15261.61235,15271.36085,15281.37484,14422.8989,14569.72117,6473.899744,7481.696644,22591.19805,14983.58275,15336.57073,14411.33761,10825.92489,11263.91186,10445.83066,11444.66871,9140.935766,9247.346636,8735.375511,9630.851173,24920.29455,25768.64087,24356.06208,25176.18261,26054.93389,26377.44231,13980.75705,14684.53048,10624.66158,11158.3862,9632.132825,9879.855104,10225.94466,8504.342385,8654.71686,9005.007475,9292.359419,7473.618299,7514.723133,7669.592841,7990.448677,6525.636278,6663.849243,7065.78786,4759.020639,5640.058788,4317.394273,5233.823531,6142.84954,5024.870931,6029.427293,23073.76616,24101.06978,23102.87224,24100.80289,25114.22725,24152.53529,25156.88389,26148.15115,23234.43007,24223.31401,26216.47152,23347.73649,24349.45433,25342.8516,26335.12884,24508.91366,25518.59048,26498.6269,23744.48725,24796.86795,25685.57941,26731.71589,25909.53834,26881.56585,27853.89288,26176.63481,27140.6452,28113.47152,5452.079138,4743.740967,5455.921788,5775.5752,6696.223944,6250.433639,7115.052272,8135.603842,16577.89267,15648.41398,14745.07869,17236.5961,16275.76193,15310.52988,14365.1912,17014.37455,16051.55599,15057.15531,13983.59847,13883.77962,8721.94091,9014.791338,17067.00971,17871.82886,19810.64069,13647.04796,14583.70761,15468.63638,16385.72232,17330.46271,18243.74749,19194.44156,12448.97691,13301.19624,14130.32711,15006.95293,15893.01228,17691.56594,18592.05519,12299.45626,13189.13983,13913.84507,14712.52901,16398.59865,18193.43149,13072.30758,13772.85697,14494.77687,16125.01269,16923.44782,18793.40198,15174.23486,8492.500333,9183.275685,25241.17365,14521.71645,15527.07791,16793.21144,17274.20229,18772.53676,13842.72499
BE4,19650.15639,18601.469,18672.14414,17648.64364,17717.30283,16679.43284,16718.95538,15711.12813,1373.052153,1994.492896,1008.083202,0,2244.938911,1456.794187,1020.264782,2208.411458,14254.90287,14263.40414,14276.7864,13428.11543,13588.73245,6219.550051,7271.299678,23524.97057,14660.10861,14951.91798,14006.00904,9830.46749,10265.95467,9439.587758,10437.89049,8425.994233,8430.1913,7862.605049,8732.727111,24102.15512,24938.23851,23519.77014,24327.12691,25193.76653,25490.1146,13084.4989,13812.70838,10437.14959,10796.43672,9431.996511,9580.676288,9834.673565,8400.33658,8435.600028,8662.090491,8866.807102,7503.31245,7408.023385,7430.984605,7631.210206,6412.452598,6399.175615,6662.661359,3944.318486,4763.538935,3394.924914,4281.109504,5173.894901,4024.229418,5026.065471,22065.73749,23093.02479,22095.39446,23093.26571,24106.68393,23147.32276,24151.39481,25142.55698,22233.85531,23222.22954,25214.46499,22353.4988,23354.20442,24346.75375,25338.12717,23521.46532,24529.25666,25508.26933,22767.79094,23817.9079,24704.45695,25749.09222,24938.2119,25907.71832,26877.70042,25216.07724,26177.03185,27146.84139,6090.302218,5355.151057,4490.581946,4879.095592,5769.319297,5437.42813,6253.307837,7275.063506,17525.86866,16589.65793,15677.03761,18206.82786,17241.24228,16271.42436,15319.76667,17998.2318,17032.5557,16034.46279,14953.81769,14873.00301,7752.764798,8084.28504,16112.9183,16909.65451,18839.6947,12758.27413,13677.30951,14551.32055,15457.39386,16392.52327,17298.86762,18247.31088,11645.27901,12467.23129,13275.25937,14130.20077,15002.18115,16775.37319,17668.4734,11565.92028,12420.68612,13116.44553,13888.90094,15533.35843,17299.02995,12382.77652,13043.1125,13731.0432,15309.36595,16087.35172,17922.12869,14446.47228,9399.42478,10140.85937,24239.66673,13827.48975,14679.50064,15887.69245,16392.67759,17806.06934,13191.06722
BE5,20691.7381,19662.23894,19815.84289,18797.85791,18970.68433,17841.52543,17986.14524,16995.98526,2223.117703,999.1277768,1403.785426,2244.938911,0,983.4243809,1995.982411,1475.1787,16352.82838,16304.25827,16252.22903,15318.18913,15391.96139,6028.059083,6942.478962,22060.21521,16257.48959,16643.7694,15730.40671,12004.69464,12430.32738,11553.45681,12542.10737,10544.55508,10634.30146,10096.91722,10975.25202,26309.69727,27153.75833,25738.75115,26553.2395,27425.79246,27731.4888,14525.68898,15162.76948,11825.58989,12462.48849,10847.09833,11154.53655,11547.22375,9660.049616,9888.173561,10307.02988,10631.73628,8534.444433,8682.353875,8922.17877,9305.28062,7710.125441,7939.802897,8404.709502,6142.255946,6997.182439,5639.392297,6521.855189,7403.556405,6200.511491,7182.183433,24120.71565,25145.7328,24108.52265,25107.23563,26120.03659,25118.12898,26125.23715,27117.13603,24154.42775,25146.54374,27145.99604,24222.2243,25229.28783,26227.27244,27224.81057,25342.60301,26361.43146,27346.23197,24526.66141,25587.96771,26485.80666,27538.07452,26665.38418,27647.10123,28628.77079,26888.83081,27863.49636,28847.26086,5820.864888,5194.608528,6301.391754,6427.62481,7401.796447,6708.933103,7653.277508,8651.002621,16011.67479,15111.92603,14247.03832,16572.77269,15637.27035,14696.28381,13782.25425,16280.72626,15337.05235,14366.16701,13332.94824,13128.9881,9530.2003,9694.785588,18346.73636,19137.01026,21057.16845,14999.2077,15921.69817,16796.2492,17701.32786,18634.06742,19537.60892,20484.83703,13841.09951,14683.45002,15503.2321,16367.55696,17243.87992,19020.30665,19912.9584,13702.60009,14588.82344,15307.92885,16098.95437,17766.38029,19541.70258,14475.53087,15176.2908,15895.3265,17514.34738,18305.49523,20157.8711,16577.80457,8140.436207,8629.448678,26167.07969,15925.05545,16903.88052,18132.07636,18631.8854,20028.99012,15242.38147
BE6,20679.93876,19639.85234,19753.08793,18731.02057,18851.85468,17766.90366,17858.94652,16858.27513,2001.126458,1414.681486,1016.534168,1456.794187,983.4243809,0,1013.098705,975.4237226,15382.22943,15325.58636,15269.41845,14335.36145,14413.5637,5536.958738,6521.754458,22968.27726,15950.74302,16282.59207,15348.75247,11059.49677,11480.53081,10588.62987,11574.43137,9881.105927,9879.218136,9290.703381,10142.60401,25546.32998,26377.98787,24957.38048,25758.84541,26618.91886,26897.70676,13594.88226,14250.18558,11622.9692,12110.24428,10627.28443,10850.95375,11165.94602,9513.554504,9644.95035,9961.253017,10217.22349,8490.149739,8522.794516,8654.051305,8939.507992,7531.726004,7639.836928,7996.336142,5398.495803,6196.931755,4805.890994,5650.520039,6508.128051,5267.902264,6237.10823,23142.43436,24167.12042,23126.82264,24125.53021,25138.24683,24134.86812,25142.01187,26133.90817,23171.30592,24163.37113,26162.73499,23241.01426,24247.82145,25245.60067,26242.90652,24364.57705,25382.67647,26367.14459,23554.16027,24614.49301,25511.34954,26563.02034,25696.711,26677.17441,27657.67792,25927.06033,26900.07531,27882.19323,6290.733146,5609.657742,5318.262825,5462.639212,6431.15638,5786.46885,6714.055006,7719.777122,16926.88605,16018.07058,15140.95373,17513.15032,16571.13799,15623.48402,14700.47382,17235.85254,16287.92184,15311.49988,14268.25882,14086.62017,8550.826864,8731.223853,17445.99489,18226.51538,20135.26232,14170.4097,15074.08667,15936.52868,16829.23492,17750.94062,18646.28123,19590.43897,13095.86738,13908.82069,14707.48367,15549.66283,16411.12412,18160.11712,19044.40406,13022.59401,13876.33754,14567.91066,15333.4257,16959.0538,18703.82131,13835.88997,14499.73945,15186.9407,16755.87273,17526.72603,19343.2116,15903.08918,8974.147103,9532.456045,25183.8706,15281.45115,16114.56105,17283.61555,17807.66873,19112.94548,14637.62019
BE7,20669.52769,19621.11571,19692.37683,18668.87612,18735.51517,17699.62798,17736.87014,16728.59373,2207.358192,2227.317641,1412.300639,1020.264782,1995.982411,1013.098705,0,1343.092291,14376.95311,14314.12204,14256.37507,13325.97571,13412.8736,5225.470879,6268.791094,23891.9523,15647.33007,15920.53421,14968.29783,10079.70322,10495.7985,9589.304622,10572.20111,9219.690707,9113.843779,8469.431111,9288.172026,24745.911,25564.31013,24138.72218,24926.33571,25773.19681,26024.41865,12662.32893,13341.06754,11451.85529,11776.74643,10445.93182,10578.48771,10807.50467,9420.519741,9448.098523,9651.048477,9830.036916,8516.323622,8428.25839,8442.073825,8618.106913,7432.709454,7408.201406,7639.926677,4688.03991,5403.481108,3987.337087,4771.829591,5593.562089,4312.206817,5262.876822,22131.11178,23155.58619,22113.8266,23112.53184,24125.22708,23122.18235,24129.27102,25121.17082,22160.94259,23152.83508,25151.86975,22234.92033,23241.22046,24238.58408,25235.41321,23363.89906,24380.7873,25364.68316,22561.90396,23620.74675,24516.10521,25566.83941,24709.771,25688.40874,26667.20648,24949.56432,25920.26483,26900.07254,6852.094286,6135.520329,4308.517427,4490.249916,5446.919647,4883.324321,5780.50214,6795.316684,17860.42528,16942.79081,16053.86686,18472.87368,17524.29497,16570.09688,15638.3624,18211.61294,17259.28107,16277.24558,15223.95799,15065.94195,7549.355238,7756.210836,16508.49767,17278.71981,19175.38632,13311.80186,14194.12744,15042.8331,15921.80121,16831.42191,17717.83557,18658.42502,12330.35484,13109.34481,13883.67885,14700.85136,15545.48728,17264.14211,18139.18363,12328.77102,13144.56306,13804.6147,14541.12054,16119.77798,17830.71739,13183.50767,13805.37771,14456.5141,15968.85986,16717.07599,18493.87958,15207.37078,9839.355793,10460.76486,24173.20278,14620.67858,15295.52727,16400.58221,16949.662,18159.22707,14020.55404
BE8,21648.33659,20607.14065,20714.52005,19692.03328,19802.85328,18726.87321,18808.47329,17805.84256,2971.247329,2268.549019,1988.390804,2208.411458,1475.1787,975.4237226,1343.092291,0,15444.31782,15324.23697,15204.79205,14202.25309,14214.08119,4618.645304,5579.183598,23468.5475,16845.05944,17152.5047,16209.79282,11253.41326,11655.28639,10700.13688,11665.82944,10557.86916,10454.92217,9799.66705,10604.74879,26077.16073,26891.33568,25464.19595,26246.25423,27086.88721,27322.09094,13177.59461,13783.48637,12557.87997,12990.14194,11558.60763,11753.51415,12034.26685,10464.99283,10570.87772,10848.60233,11071.38316,9459.077997,9472.902215,9574.18803,9821.030766,8479.567673,8552.072042,8861.457315,6029.301034,6743.008027,5324.653805,6085.515559,6879.173439,5559.770179,6470.716142,23133.53452,24153.92678,23075.032,24072.74634,25083.16289,24041.44359,25049.65787,26040.69602,23036.04674,24029.45215,26031.70989,23063.97446,24073.94307,25074.35454,26075.0257,24149.79401,25174.37284,26161.67973,23296.90691,24363.12101,25266.40397,26321.89995,25414.85545,26402.02199,27389.06824,25610.07637,26590.37352,27580.11357,7187.609471,6524.876496,5250.581966,5213.940537,6205.521668,5371.708358,6344.664459,7318.97847,17414.35871,16525.78547,15673.58031,17935.89323,17012.99173,16083.51234,15182.85369,17610.51699,16678.65353,15721.33803,14708.45917,14455.62673,8381.910296,8449.482772,17749.08577,18504.04191,20379.14124,14622.91151,15491.75234,16329.76173,17196.30083,18093.23209,18968.95654,19904.59088,13670.64329,14443.08147,15209.80871,16016.17865,16851.3952,18547.87988,19414.4007,13671.02696,14487.43963,15144.92583,15876.15832,17438.90335,19130.95397,14521.50784,15147.79161,15799.37979,17304.75116,18046.95466,19807.46136,16549.94398,9605.991226,10053.58216,25050.86432,15960.07955,16622.79601,17694.73868,18259.26024,19374.44661,15352.41231
CA1,23792.30652,22877.93699,22419.38377,21636.37391,21018.44358,20870.88988,20234.45677,19449.35256,15193.84544,16245.08561,15261.61235,14254.90287,16352.82838,15382.22943,14376.95311,15444.31782,0,1003.927118,1998.612064,3182.807571,4141.935022,14834.81213,15416.71561,36954.52217,16597.44361,15970.82187,15200.82791,4619.648156,4149.781768,4816.58959,3817.022986,10084.34756,8757.682308,8273.144932,7384.071937,14495.20862,14926.18077,13594.85667,13976.5941,14443.2505,14089.09404,7468.016652,8279.169478,15962.76155,14358.04201,15436.25235,14589.24686,13756.07042,15823.13603,14933.72787,13938.15255,13206.25455,16390.0359,15445.11167,14512.9865,13613.77888,15103.90359,14142.43108,13196.16211,11360.92146,10370.4517,11236.03639,10271.37741,9332.494218,10249.45366,9239.345148,7848.642988,8875.965406,7999.543403,8980.206781,9984.127029,9205.497884,10173.92634,11144.37321,8589.446266,9511.164022,11401.7402,9025.387442,9921.431244,10831.30531,11747.9903,10419.98787,11291.29051,12183.63306,10165.57205,11035.1963,11776.92811,12705.74645,12351.29779,13166.99362,14002.27086,12975.41443,13761.94094,14571.77361,18756.55791,18090.43819,10214.43517,10498.63678,9562.90803,10874.02553,9965.746934,9454.703186,31181.31609,30204.99714,29235.77292,32049.95092,31053.44665,30057.63347,29069.16586,31968.94736,30984.98683,29963.9859,28836.63381,28916.56367,7462.395646,7956.230435,4684.395651,4792.374492,5882.324977,6274.363422,5780.277098,5557.190245,5434.451439,5490.034569,5750.916551,6318.544183,8279.613382,7642.696772,7192.76774,6741.041837,6547.954772,6482.045157,6758.162702,9567.984079,9010.836961,8516.498668,8071.125922,7490.793822,7481.827212,10429.16941,9855.577482,9356.088718,8699.950033,8511.822522,8535.595818,10300.57535,23000.35897,24021.41771,10475.42722,10725.96206,7678.092061,6408.22222,7392.583484,5237.786973,11266.82766
CA2,24612.32684,23685.06872,23243.94325,22444.02207,21847.71496,21662.06227,21046.89677,20243.07107,15268.32094,16257.897,15271.36085,14263.40414,16304.25827,15325.58636,14314.12204,15324.23697,1003.927118,0,995.745247,2263.966965,3189.347594,14421.0441,14947.08408,37209.02712,17425.39269,16825.62128,16034.88179,4931.464919,4467.493183,4912.207491,3918.816691,10678.53663,9324.507382,8754.534247,7918.553911,15428.16775,15835.48178,14519.79652,14874.46066,15310.43613,14907.0632,6554.188757,7334.206633,16604.71335,15058.20544,16036.49293,15217.84397,14415.8418,16353.53513,15488.58929,14526.6297,13818.83348,16849.47961,15925.95068,15016.31516,14144.61065,15531.28835,14587.53938,13669.38187,11586.94956,10616.09346,11376.2857,10422.49894,9496.768431,10303.87936,9295.283515,7817.053751,8841.539231,7839.286999,8835.398886,9848.334243,8952.139538,9944.101862,10929.40526,8200.94026,9156.553673,11100.10656,8539.324771,9476.412831,10420.06291,11367.47422,9892.289285,10806.4096,11728.99848,9529.989763,10445.72354,11225.34914,12187.9295,11740.18426,12591.93254,13460.25638,12314.39275,13135.87951,13979.23069,19005.54287,18322.64756,10073.87319,10264.6853,9300.710019,10552.11692,9608.930935,9014.605415,31385.64791,30414.05631,29451.70312,32218.86044,31227.17247,30234.65377,29251.10671,32107.21066,31126.54642,30109.51349,28990.75106,29030.38361,7140.258108,7519.952911,5665.670868,5721.634771,6654.316307,7176.09037,6737.299818,6549.099946,6438.304147,6476.815677,6697.534768,7217.588264,9103.807381,8521.382584,8119.527098,7709.775672,7543.415833,7473.374509,7720.846186,10380.49445,9876.851564,9423.370306,9017.385819,8489.244732,8474.119554,11277.46377,10743.56463,10280.94186,9684.607448,9511.593212,9528.064527,11240.27919,23185.21889,24163.06949,10148.74291,11636.03347,8656.197793,7412.010528,8396.237938,6097.427781,12141.57417
CA3,25401.41855,24461.69523,24038.4737,23222.04028,22647.94632,22424.17118,21830.81382,21008.99572,15342.37073,16266.99253,15281.37484,14276.7864,16252.22903,15269.41845,14256.37507,15204.79205,1998.612064,995.745247,0,1421.759041,2258.387086,14008.85435,14475.926,37423.69687,18228.19762,17655.68883,16845.33956,5354.522992,4912.341565,5139.574598,4198.927778,11275.96565,9905.254993,9261.591336,8482.330911,16381.82698,16771.42999,15468.00783,15802.32294,16214.40585,15772.54791,5647.000547,6390.294669,17227.18537,15740.33378,16619.91236,15830.69691,15060.76654,16868.57836,16029.66826,15102.89491,14420.39438,17294.35046,16394.23196,15509.17083,14666.86878,15949.07908,15025.78512,14138.22756,11829.3043,10884.64557,11536.81315,10601.34056,9697.264222,10389.30282,9392.544835,7976.107477,8983.536405,7870.358,8867.957699,9878.519225,8872.068238,9877.532399,10869.24201,7986.851131,8967.154529,10948.66532,8213.009315,9185.475577,10157.35912,11130.49519,9505.583445,10460.18087,11409.59908,9022.568872,9984.752901,10802.0578,11796.50532,11246.64328,12134.74817,13035.80595,11760.96224,12618.84135,13496.53614,19238.90398,18541.36321,9967.401617,10061.70494,9078.463934,10256.50069,9285.655934,8610.048132,31555.21649,30589.29247,29634.78262,32352.47935,31366.52908,30378.29914,29400.70951,32210.52388,31234.09262,30222.05886,29113.06724,29112.70042,6886.382329,7138.249169,6654.474025,6682.284311,7507.707357,8068.919816,7680.673444,7526.244664,7432.794707,7467.797367,7666.611913,8155.780196,9920.00854,9389.079316,9032.183888,8662.559583,8523.948671,8466.132978,8698.382906,11181.56812,10729.03603,10314.7147,9946.725898,9473.130493,9467.156134,12109.64444,11614.44701,11187.8299,10652.02182,10497.04543,10521.07241,12160.45329,23346.3556,24279.77492,9978.974235,12526.66868,9617.356971,8406.673054,9391.150181,7013.553782,12997.29093
CA4,25719.36099,24754.21995,24371.64907,23520.64246,22997.44802,22690.62493,22146.14552,21287.82653,14560.24392,15402.46494,14422.8989,13428.11543,15318.18913,14335.36145,13325.97571,14202.25309,3182.807571,2263.966965,1421.759041,0,987.9490507,12742.00837,13165.81918,36765.47712,18597.86563,18090.68505,17238.30172,5254.704537,4873.962107,4765.479984,3976.560634,11295.57592,9915.798785,9161.463466,8491.4825,17675.35393,18094.2492,16771.74237,17136.16245,17574.18747,17160.77817,4292.839666,5097.651388,17242.51645,15874.20149,16569.79615,15836.93191,15129.78163,16701.91288,15911.10734,15050.10664,14416.49304,17013.28468,16155.06023,15314.89924,14526.48733,15634.16591,14748.6152,13915.81099,11294.97993,10398.43949,10895.36652,9995.823516,9134.644815,9664.648502,8697.926359,9170.63231,10156.41234,8965.139811,9952.628164,10951.62533,9852.011082,10859.7853,11848.8865,8838.09034,9830.954309,11832.19886,8925.401073,9926.559023,10920.47579,11914.26723,10116.34844,11113.17383,12087.56828,9462.755717,10481.47465,11343.83198,12373.00428,11677.27319,12611.99673,13553.62272,12088.511,12997.91159,13922.57365,18642.41483,17928.16634,9017.466508,9005.884035,8013.162569,9106.725286,8117.919455,7375.258067,30846.04126,29888.70957,28945.69631,31597.31037,30619.76309,29638.26744,28669.60695,31418.59534,30448.5493,29443.9957,28348.61694,28299.90887,5822.362592,5940.180401,7855.471762,7969.012428,8899.962666,8735.58756,8497.273278,8474.546846,8506.66194,8651.82999,8933.236955,9477.65303,10379.09628,9974.222146,9739.257756,9499.568592,9480.322601,9632.083951,9939.43503,11592.97428,11261.44581,10949.73086,10693.66002,10441.9197,10627.11482,12582.13222,12184.66958,11857.70314,11530.36807,11469.92726,11678.42143,12862.25505,22642.04711,23517.62004,10852.09538,13141.63445,10477.14414,9477.125008,10461.24255,8361.391014,13519.11861
CA5,26544.20926,25570.00436,25203.38751,24339.92122,23836.48857,23498.09927,22973.22033,22101.76782,14771.69427,15539.48426,14569.72117,13588.73245,15391.96139,14413.5637,13412.8736,14214.08119,4141.935022,3189.347594,2258.387086,987.9490507,0,12437.92745,12788.83626,37032.38595,19449.0687,18964.83154,18099.51589,5996.567751,5650.500673,5385.636745,4701.492126,12025.11018,10649.40996,9849.019976,9235.450552,18617.51199,19020.61032,17708.71957,18055.23152,18472.58163,18026.47982,3389.854826,4144.860847,17949.00569,16637.80271,17246.13207,16542.74708,15866.74891,17317.37344,16554.49879,15729.66844,15121.89849,17563.47441,16732.08815,15919.81592,15163.20328,16169.00023,15308.9929,14510.68186,11712.74778,10855.63857,11240.10879,10374.75622,9552.761771,9957.314021,9025.151909,9524.242589,10478.06185,9218.288455,10185.90517,11165.21938,9988.610152,10989.04967,11968.10231,8876.518369,9867.536558,11867.12626,8852.025607,9862.870469,10864.02766,11865.95525,9951.113239,10969.56106,11954.82742,9182.774352,10229.60143,11116.00742,12162.16859,11368.23699,12328.32984,13292.51866,11706.6989,12644.18306,13595.15768,18982.19946,18257.94342,9120.795734,9000.212825,8009.782409,8990.038613,7989.932277,7164.156814,31079.05718,30129.53073,29196.5854,31792.82456,30823.12308,29848.16807,28887.83347,31584.08338,30620.39709,29623.19249,28540.34732,28451.51108,5863.526814,5809.366073,8824.002238,8910.775495,9761.61453,9687.803517,9473.371075,9461.33129,9492.630956,9624.565265,9883.7276,10402.74641,11276.29707,10905.75015,10696.83194,10476.8553,10467.10491,10608.68465,10899.12069,12472.02069,12176.49665,11890.47226,11656.69977,11428.94952,11605.15782,13477.25883,13107.57914,12804.42272,12510.57866,12456.91218,12657.26833,13814.20468,22891.03737,23718.72561,10886.29177,14074.01976,11456.10226,10463.59739,11447.96321,9268.822066,14426.58526
