"1","2","3","4","5","6","7","8","9","10","11","12","13","14","15","16","17","18","19","20","21","22","23","24","25","26","27","28","29","30","31","32","33","34","35","36","37","38","39","40","41","42","43","44","45","46","47","48","49","50","51","52","53","54","55","56","57","58","59","60","61","62","63","64","65","66","67","68","69","70","71","72","73","74","75","76","77","78","79","80","81","82","83","84","85","86","87","88","89","90","91","92","93","94","95","96","97"
0,0.170178546095463,0.179462138996535,0.140965216751602,0.0707629020568561,0.208375475699002,0.153754970251243,0.137533595940085,0.169512835148759,0.0239531993762864,0.0361675377918202,0.0248382260138251,0.11735960849058,0.124617375725809,0.147844706223495,0.111015951261113,0.200055144627719,0.133249868159526,0.120544718580305,0.201614379872708,0.212369268171935,0.159870481924653,0.174598526771112,0.0343801125700383,0.0927361890256518,0.154680556187324,0.188506425870837,0.115766868446902,0.152105853320495,0.0627578766349617,0.144227165599881,0.199363591330574,0.0527923935878709,0.199175287309255,0.0194549681364523,0.192754964642299,0.182481612175063,0.0748424708302662,0.183151813620381,0.160680907609764,0.149777071641959,0.148451399566844,0.0594172945733137,0.0772067201887464,0.13070564214723,0.111514714338474,0.186820433877346,0.064443002974804,0.191901927796806,0.0712089661124537,0.120892763605563,0.1989709279487,0.0972239559501354,0.110744527213822,0.0523167660682459,0.126737916081969,0.179756734949473,0.135173062969746,0.169958301938944,0.170312794558224,0.0931400939035002,0.193023185991542,0.121748526328009,0.178437120490389,0.201008462210931,0.184790237363698,0.112417194693157,0.023191516671493,0.18157896355649,0.0450654318747157,0.191880353672539,0.131367089936337,0.201863307931032,0.0388376899507046,0.0969753188471423,0.11603501042341,0.0495013607674675,0.191882561107309,0.183192152535653,0.18989434963224,0.124187672283943,0.18590819524158,0.107566994971051,0.127191212177098,0.173272771518767,0.167914150128567,0.127385810660895,0.125664310117361,0.144360656828966,0.186454479139382,0.0532664146636539,0.0508378947839915,0.067142586222913,0.0193464536599757,0.176074737771629,0.137208549924277,0.136484099203248
0.170178546095463,0,0.0234917127351097,0.0967664758839673,0.1262416949629,0.0388809799451617,0.0830084243750516,0.0354189892207743,0.0121403883590109,0.155886992005132,0.147962096181688,0.150797593135421,0.0590891027330111,0.0911139545738213,0.0513386468797911,0.0631960236420693,0.047487595273815,0.0657576376802771,0.0671964192894272,0.031841225803721,0.0445220244948698,0.0118066125008354,0.00451543671956083,0.148839122719063,0.100942556604365,0.06836762299908,0.022646615369718,0.0859375567786884,0.0678096263137034,0.108434693380752,0.0759311032743544,0.039568609737635,0.129662031752254,0.0491878390240575,0.168887342466531,0.0482922431309592,0.0864841168850302,0.110528414529499,0.0900297488572378,0.0893785396303068,0.0771757631022591,0.0504036286869734,0.150407364925467,0.101508126498512,0.0415906611869575,0.085541837687811,0.0530501339553999,0.10959667677845,0.0307220282693963,0.114306405926963,0.0597566352738555,0.0737920409030898,0.0997139919958084,0.112032023610537,0.118754198020105,0.0710181636276346,0.067162370726717,0.0933238611633635,0.0132719766951079,0.0221118917734321,0.0958279749837765,0.0817616232945394,0.0484327743925637,0.00827031760879435,0.0391973889794979,0.0216322107613824,0.101024945139738,0.175920401083438,0.0328111960870796,0.145001066205511,0.0374739609007238,0.107571975995849,0.0344343058239336,0.143011487369969,0.103208422665543,0.104830399247652,0.120697939981184,0.0219082000702944,0.0414633967023842,0.0681443781217813,0.0587634740923191,0.054286842311559,0.0950593979063683,0.0644672034945737,0.0401236492176389,0.0750725556820426,0.0435075894363432,0.0999505396631759,0.0876538117322734,0.0171090238586561,0.147671134498265,0.133371153708918,0.111779913548549,0.183452534642753,0.0498524733515325,0.0353633498269057,0.0724728807403061
0.179462138996535,0.0234917127351097,0,0.0850196634079359,0.127549918119226,0.0332564304793879,0.0685484613704069,0.0536454326966466,0.0353760826888012,0.167677270702532,0.161001690730888,0.162215600650159,0.0627963142495093,0.0836020257272325,0.0418909236682179,0.068658668651531,0.0252161616694664,0.0591905817553615,0.0654460073082655,0.0287301802458836,0.0342556391375133,0.0332079397605107,0.0233173474518924,0.154648754121295,0.100594934624485,0.0541209549873014,0.0128028422400733,0.0815260979838829,0.0543917053028654,0.116723027242553,0.0643073953357112,0.020317500360425,0.134406690328537,0.0263695358332783,0.175718074893441,0.0248105918861714,0.0661329533818913,0.11328578032884,0.0697483756544067,0.073338466965084,0.0639127838638577,0.0409002359172238,0.152036509925023,0.105877801106526,0.0490617459257937,0.0825017890051883,0.0301574063964775,0.11618260625085,0.0124546283380969,0.117287474812795,0.0608686516249999,0.0506165909212967,0.0983492902060627,0.106224657646332,0.12717993023623,0.0657631564244057,0.0463613787369695,0.0830329815862549,0.0123891424957578,0.00921773980299865,0.0963784479663602,0.0595910891037579,0.0606928267156849,0.0216696008736309,0.0215922709422825,0.00811023712031054,0.0956493044792778,0.182353685961574,0.00956676549101072,0.149306171481289,0.0150377295372533,0.0976365921722861,0.0243982024079531,0.148698578445622,0.101384661433916,0.0983160219062056,0.13029622519622,0.0287892049755127,0.0184811562954258,0.0456487675820458,0.0585152654078643,0.0316060659514121,0.0916036427939632,0.0606886520490135,0.0203404148245722,0.0571882168093423,0.0585284845104017,0.0915452070100696,0.0753751488001212,0.0185484891249829,0.150405410964525,0.137949129092957,0.116558523746988,0.190933951195587,0.0292103470102641,0.0427136329042844,0.0635936699051348
0.140965216751602,0.0967664758839673,0.0850196634079359,0,0.0712163471053158,0.117101628926408,0.0190909925684431,0.0948495755716748,0.106443900535843,0.140793091535519,0.140429420402049,0.134796794788131,0.0582541248297297,0.0179592451367312,0.0454285305536043,0.0625944663052506,0.0896726350151628,0.0339048117384914,0.0425318551672996,0.113554205688982,0.115378471735795,0.0962763265626129,0.100065504123293,0.107621483216442,0.0491646674603823,0.0313809334658882,0.0978000353048736,0.0299174384419647,0.0307055790663472,0.0892604476658334,0.0209516484115543,0.0961404832019686,0.088182683605346,0.087030577658665,0.128835417732937,0.0795674369482904,0.0453671430344398,0.0669798813929496,0.0448421278372832,0.0217260684514328,0.0213926967041773,0.0463685507731798,0.0914511263981697,0.0687608393146771,0.0701403174567254,0.0348613838511858,0.0692724005819039,0.0826291526147453,0.0939226995183008,0.0702061239412722,0.0518936768209783,0.0699001497968679,0.0445016792879098,0.0327751310171753,0.0965969970772269,0.0325965815339066,0.0524674301303143,0.0068412678878214,0.0856485216408591,0.0785687014834987,0.0507433856915391,0.0589727936813985,0.0807956163118835,0.101268391678274,0.0992389564572472,0.0931298434720121,0.0285520231559423,0.13319996067638,0.0793722531970315,0.0980798715716322,0.0874204743834317,0.0144581575730847,0.107586362891675,0.102428574292807,0.0441350550792947,0.0255973805569421,0.103203842236664,0.112704433821937,0.0741178770000108,0.0626688099904144,0.0493395211278853,0.0674114584630982,0.0344851308990601,0.0394263093647193,0.0661254400381846,0.0361893268974654,0.0876683048276919,0.0154700504124557,0.00971121845529039,0.102604492621814,0.0936766819545663,0.0902145700834092,0.076250263421372,0.144389766288291,0.0609829688190392,0.0717493043917243,0.0254147486427255
0.0707629020568561,0.1262416949629,0.127549918119226,0.0712163471053158,0,0.160037843839768,0.0859921952110797,0.102796950607187,0.130236413892648,0.0753327944109325,0.0787066216090765,0.0697574942720924,0.0671526527317857,0.0563293499393702,0.088692884458369,0.0635998202988046,0.143250628261283,0.0715762910373158,0.0622331455088711,0.154222626991956,0.161803522874619,0.11899888354793,0.130692742202709,0.0366797023871097,0.0274520381256341,0.0899726560231119,0.138965336174946,0.0501977834235658,0.0876384003106381,0.0390359722923168,0.0781719289023122,0.145415896404898,0.0197782744808548,0.141621632903412,0.0576222065220056,0.134435262476134,0.114827625399129,0.0167716692910973,0.115004142924327,0.0919522684744909,0.0832140519692238,0.0895295532375634,0.0244872306427329,0.0277620620138446,0.0849683911144891,0.0472000038523859,0.126500828235296,0.0306940666334111,0.139596759564833,0.0141235419495424,0.0671955442338922,0.134824027192469,0.0307846681583958,0.0400147917600557,0.0389007491912949,0.0644902233994897,0.115568535509097,0.065978524507552,0.121230700073252,0.118530988373173,0.0311724933890471,0.126782645891207,0.0834947892589543,0.13378615219031,0.147761349544478,0.134523931685685,0.0429223166612191,0.0621086267242638,0.126741849126511,0.0268637695746652,0.136940293763704,0.0607297997413516,0.151814278332188,0.0319334854018378,0.0290234470396296,0.0457733786183244,0.0458387870089518,0.147633252121931,0.125820249793471,0.126150493317423,0.0691358043182706,0.125184655009285,0.0403455131594499,0.0676933626129082,0.115794756494511,0.101710885370049,0.0916188936925185,0.0557504416782675,0.0758987401611136,0.139670229683433,0.0237501797897643,0.0204016254751606,0.0220235339765102,0.0731879037261602,0.115934596406767,0.0909405337266025,0.0720088551809654
0.208375475699002,0.0388809799451617,0.0332564304793879,0.117101628926408,0.160037843839768,0,0.0996444176784674,0.0740977235225642,0.0440099607055289,0.194641910693456,0.18683099347218,0.189487886736864,0.0939516320457357,0.116736626728825,0.0750962342784912,0.0991452323442277,0.0340361243980587,0.0924469091739357,0.0982714954526051,0.00714138255175413,0.00860693148872661,0.0503234289668083,0.0348001482147487,0.185534603595142,0.133373078673048,0.0857782914109255,0.0210928686624248,0.114758783038036,0.0864159946281014,0.146108730958156,0.0967589788910659,0.0235171631245983,0.165715330629372,0.0373000571936993,0.206130696904681,0.0425284987183964,0.0911686398845607,0.145270995564287,0.0946962767799556,0.10320868661006,0.0957468909288045,0.0741098475307898,0.184506460672956,0.137209677971355,0.0780950373439995,0.115629513025049,0.0527977713987393,0.146531347487142,0.023201152306314,0.149214243025937,0.092915482213003,0.0681043774419846,0.131308876260644,0.139449136078932,0.15652420657379,0.0990022678772427,0.0721381466462995,0.115629123681459,0.0391291394175855,0.0417743369397173,0.128927765674245,0.0807765313317457,0.0868866788512244,0.0307339909336406,0.0202906163890617,0.0256525150514993,0.128901259685831,0.212991345915245,0.0377341329771191,0.18084977249156,0.0308895578165153,0.130200916049478,0.00957100737354658,0.17962611983866,0.134425749854895,0.131504140389107,0.158880637668718,0.0198310496718918,0.0439898265919373,0.0672144194908669,0.0909125318391745,0.0547935089331642,0.124796849243443,0.0937869694968867,0.0509884043919073,0.0860866188626189,0.0823615152519215,0.12450954280646,0.10739310718339,0.0219919433607952,0.182534291007884,0.169342050097809,0.147775020958964,0.221010170386302,0.0574063438445719,0.0715752217670604,0.0966718234775884
0.153754970251243,0.0830084243750516,0.0685484613704069,0.0190909925684431,0.0859921952110797,0.0996444176784674,0,0.0872368471774389,0.0936437410556887,0.151107515461672,0.14935305384626,0.14507895828838,0.0562616078762689,0.0296642439343466,0.0330374632731752,0.0621097694590025,0.0709961461759798,0.029179886155315,0.0421450693004881,0.0965876598650674,0.0973705912042672,0.0843706005927879,0.085835867530374,0.121477196322056,0.0610379073576701,0.014693621064519,0.0811567733659582,0.0381986318796479,0.0152852148579195,0.0977402220872512,0.0119973195386486,0.0779837936426288,0.101225989431175,0.068264345251109,0.143123969648715,0.0608582463680265,0.0288808849719246,0.0789168507811441,0.0293981688448061,0.00890893999238908,0.00699860905667098,0.0337925564745292,0.107788488834294,0.0782956793086409,0.0635163260078605,0.0427982176358576,0.0504153020972976,0.0922428052830668,0.0764590898261342,0.0825653700740308,0.0494993332090872,0.0511738332328527,0.0566225582500978,0.0501445974615411,0.106249971993601,0.0320467332445905,0.0333892492187612,0.0211400031008184,0.0709205907285078,0.063097172050935,0.0609314390926713,0.0411728420876214,0.0763319388165262,0.0865088449351967,0.081149656357533,0.0765970591139009,0.0433807151551092,0.148017914485955,0.0620140111846466,0.112595373289269,0.0693962773020678,0.033522774624379,0.0900788070219032,0.115973345269496,0.0573437376076794,0.0421957907522809,0.112329298244642,0.0969544032554535,0.0560329456705305,0.0436701292419694,0.0460508521718342,0.0485172274035176,0.0463139100122512,0.0366167325143177,0.0488142417126963,0.017205892648506,0.0819564971438174,0.0322104372877179,0.0105700337222748,0.0867106101787418,0.109264052631263,0.103691259751027,0.0872081831485832,0.158864853847249,0.0426758537988408,0.0634287862360707,0.0211492902245581
0.137533595940085,0.0354189892207743,0.0536454326966466,0.0948495755716748,0.102796950607187,0.0740977235225642,0.0872368471774389,0,0.032103216862249,0.121750832136859,0.113258370230351,0.116910839454723,0.0405280407520984,0.0831899786446794,0.0551578103003,0.040804403520813,0.0788057904224645,0.0609730259383037,0.0547996271619751,0.0669830631606384,0.0799402774855334,0.0237759826791732,0.0393080619601436,0.11952600103946,0.0813863929730781,0.0746193528272649,0.0574031197820104,0.0740214152078227,0.0728870892920595,0.0778356665461493,0.0766956754087353,0.0730113085029246,0.102005417413065,0.0796619353502877,0.138251355493397,0.0764440458835182,0.101210693275131,0.0861245010422758,0.104307903990412,0.0955221742016075,0.0803186990084035,0.0546482621143825,0.125628020983066,0.0756823239837833,0.0247578071434751,0.0716392188829791,0.0772551627246473,0.0807262082867287,0.0641640872488486,0.0894010833326497,0.0450341962955411,0.097432161747635,0.081699627115429,0.0993676141387229,0.0876822768219202,0.0630269851750037,0.0848213477055614,0.0894614728900467,0.0413367621114338,0.0469229560628939,0.0755125368260425,0.101333837273456,0.0193307845740894,0.0433862159889553,0.0732913521930525,0.0552526791387606,0.0887201639037183,0.145542541466612,0.0607021760809435,0.117344897404334,0.0686693935002413,0.101661111898602,0.0697911353801427,0.113959009083268,0.0855172450897771,0.0938638002972959,0.0885348479323187,0.0556387179397576,0.0673593048743043,0.0897195365326973,0.0464536324743569,0.0777514323328241,0.0805538824885588,0.0558322929603043,0.0612139570457685,0.0862282147212902,0.0112387303315242,0.0923767560772732,0.087689397329585,0.0525236869974768,0.121686842276806,0.105770940810974,0.0848482039635435,0.152076349125332,0.0698798313608229,0.0238147089844085,0.0696618888121495
0.169512835148759,0.0121403883590109,0.0353760826888012,0.106443900535843,0.130236413892648,0.0440099607055289,0.0936437410556887,0.032103216862249,0,0.153831929969446,0.145188703461122,0.149012361428748,0.0636242613628361,0.0994016179830983,0.0612454704947431,0.0666374859569685,0.0584991631622289,0.0742722562589449,0.0738299109545925,0.0369239687720623,0.0510363209885592,0.0113597120701226,0.012444010998125,0.150285982653916,0.106096665291873,0.0791287403521352,0.0322127989066816,0.0931319887792874,0.078366579463702,0.109018251739103,0.0858482428507615,0.0496990039753703,0.131879268324285,0.0604453298783501,0.169614037171227,0.0600693076917156,0.0984174966724944,0.11403224952172,0.101944363784175,0.100377037016419,0.0875498087576746,0.0603613561857214,0.153993438617119,0.104353182055004,0.0454623615689152,0.092185588296233,0.0651560667372716,0.111114194388442,0.0411424568563453,0.117638943254181,0.0654720521022494,0.0858606913447683,0.105349827318004,0.119365531559465,0.119097199538272,0.0789052551676053,0.0792003007222153,0.102560266279691,0.0253447006067583,0.0341648095202171,0.100665018025919,0.0938964114452272,0.0487468643178648,0.0156467799897709,0.0488109708923054,0.0323622206941354,0.10833502958931,0.176815642653843,0.0448155846795372,0.147281350380833,0.0487333164205777,0.116520345622729,0.0419088079580523,0.144580609830608,0.108987473815621,0.112536693937603,0.12033147173236,0.0244605415491558,0.0535417668335104,0.0802835210241071,0.0651195827521345,0.0664129696569859,0.101683122950073,0.0720072524653637,0.052184605388304,0.0865994108397527,0.0422102952802784,0.10843676327184,0.0976033767425959,0.0246804385699432,0.150731085802082,0.135631984657852,0.114229980143962,0.183722395026656,0.0619264529061373,0.0400245927444687,0.0815939385591899
0.0239531993762864,0.155886992005132,0.167677270702532,0.140793091535519,0.0753327944109325,0.194641910693456,0.151107515461672,0.121750832136859,0.153831929969446,0,0.0123072584884895,0.00602878787166874,0.107729106826898,0.123372091019219,0.140156139804314,0.100923618654153,0.18981304449173,0.127428770813401,0.113866667721771,0.187686905856661,0.199360067878564,0.14496097273869,0.160170049615243,0.0442318097581888,0.0916340687206504,0.149751715358945,0.175615833465242,0.113017625338765,0.147106358236723,0.0541402349633298,0.140532203536522,0.187915549501988,0.0555813552767508,0.189291614671814,0.0398452913821234,0.183363169523513,0.179114177533775,0.073998699280128,0.180243738802671,0.158806425426192,0.146271554413657,0.140631298986895,0.071536014982942,0.0728162157786239,0.118637382741928,0.108319950656038,0.178545554173321,0.0588678686830936,0.17996317792143,0.0711498723757112,0.112306803829874,0.192647872584311,0.0963006501038554,0.113522839834282,0.0448996155979026,0.12153905729932,0.173841938883601,0.134458131637331,0.157274506207521,0.158736585154344,0.0904785155727265,0.188282907810645,0.107870906796266,0.164141473945863,0.189244446588864,0.172252736584526,0.112851719819534,0.0456063593902454,0.170905617934601,0.0544275747491128,0.181003572848011,0.13323116928308,0.188864582791292,0.0459114275138003,0.0969979581684918,0.117377257391576,0.0393261403854294,0.177132317860741,0.173580432950422,0.183485619361327,0.115916138685737,0.177863441987677,0.106362712360684,0.120637299894364,0.163968060736307,0.163655681718569,0.112424557039039,0.126148296397151,0.142614252759285,0.172655693453788,0.0643496404672776,0.055205846973992,0.064543372294115,0.0432978229737455,0.167967088508429,0.124965483454424,0.132058852725976
0.0361675377918202,0.147962096181688,0.161001690730888,0.140429420402049,0.0787066216090765,0.18683099347218,0.14935305384626,0.113258370230351,0.145188703461122,0.0123072584884895,0,0.0127275933667015,0.102797936072715,0.122677027433124,0.135859845666991,0.0958535207809427,0.183824380170643,0.124271249023479,0.1104452418714,0.17980283361949,0.191902919275353,0.136773686440869,0.152150184647415,0.0516351319881221,0.0916399651877374,0.146818323567683,0.168320684570804,0.111701833479351,0.144161377192536,0.051618064297596,0.138339870515528,0.181310750202986,0.0590852472619491,0.183491452534695,0.0509111174787692,0.177849463513195,0.176759532073666,0.0747174582471552,0.178119469624074,0.157382548373091,0.144117577175377,0.136260319295181,0.0784887382727104,0.0716978319506301,0.112212953824488,0.106854107435037,0.173641404209475,0.0578013880461635,0.173141748483824,0.0723928936121249,0.107875690632816,0.188677628049549,0.0962815747209454,0.115048477148953,0.0438919181868675,0.118792782520553,0.170198982208583,0.133888821344432,0.150188569907049,0.152225680115028,0.089697012748858,0.185158251656456,0.100574909324425,0.156170777922246,0.182469979800478,0.165158453457842,0.113193938729464,0.0571311381268916,0.164793519449104,0.0609391372840257,0.174729384538874,0.134003164832604,0.181453934378038,0.052069691715931,0.0974516181966027,0.118108506235734,0.0372393304280497,0.168866915980864,0.168007939244374,0.179523568038083,0.111601679820485,0.173083466422462,0.105978227069954,0.117180692657382,0.158618376387939,0.160951704794902,0.10447126383795,0.126307134509986,0.141415384057477,0.164902498159515,0.0711099488463467,0.0594771028829836,0.0647781299364459,0.0555072126912571,0.163218231869341,0.118375659891106,0.129581650259596
0.0248382260138251,0.150797593135421,0.162215600650159,0.134796794788131,0.0697574942720924,0.189487886736864,0.14507895828838,0.116910839454723,0.149012361428748,0.00602878787166874,0.0127275933667015,0,0.101967210273966,0.117358171985258,0.134283483383929,0.095192222127497,0.184186994184671,0.121454636727573,0.107918286559821,0.182560936868357,0.194093209797628,0.139974535428733,0.15510964478755,0.0398684598128916,0.0856429986598959,0.143758095864162,0.170314488823069,0.106989415076964,0.141113894003017,0.0481819132875804,0.134510506196424,0.182425898015198,0.0499815874817982,0.183628831101994,0.0382497731230098,0.177650284163736,0.173093642152466,0.0680439952132736,0.17421820419329,0.152778937340196,0.14024847177457,0.13476743732282,0.0670619347409731,0.0667874294142441,0.113157115714612,0.102291166707404,0.172737355502047,0.0528400135226679,0.174530981873309,0.0652398866985492,0.106468188532101,0.186724063336981,0.0903103093960726,0.107684873209764,0.0388778364034987,0.11554182145162,0.167892498689231,0.128450992232556,0.151926748049645,0.153240833942822,0.08445577882436,0.182294217432487,0.102640456945394,0.159060852895833,0.183795696414474,0.166897041519736,0.106892745637398,0.0446299674806383,0.165313601913943,0.0497187520309363,0.175441403509661,0.127317913838425,0.183589291648783,0.0410253795947056,0.0910398068763204,0.111453478840991,0.0333798279205656,0.172146795973635,0.167881972939899,0.177562926981517,0.110059761534458,0.172038024627988,0.100357403882283,0.114688646150345,0.158235160383571,0.157648674417272,0.107399137737176,0.120180587091147,0.136589165885393,0.167496280597694,0.0597757555008937,0.0497798189640185,0.0585468752475157,0.0439057571719299,0.162140823195146,0.119517981014563,0.126047181654121
0.11735960849058,0.0590891027330111,0.0627963142495093,0.0582541248297297,0.0671526527317857,0.0939516320457357,0.0562616078762689,0.0405280407520984,0.0636242613628361,0.107729106826898,0.102797936072715,0.101967210273966,0,0.044019367481891,0.0334600443892908,0.00699924817551777,0.0827183190864924,0.0270821731460094,0.0157624441959024,0.0877843868258508,0.0966655105561822,0.0522797096731821,0.0635433146897536,0.091880066213395,0.0424976369324286,0.0480954845085518,0.0731176172780562,0.0338076823371824,0.0455896766083584,0.054734699339415,0.0443241497848436,0.0822615444040023,0.071803480933648,0.0819317557846831,0.112929446330052,0.0757479599555532,0.0786870759222416,0.0515890124187132,0.0808943900072413,0.0651690900355947,0.0494724181505005,0.0337451518817653,0.0913554870326888,0.0432712563958758,0.0181899751124848,0.031138351549385,0.0708916112640224,0.053473081493607,0.0752257631269803,0.055450541812524,0.0067624593344173,0.0862887359006986,0.0420272844313822,0.0588404489116958,0.0650959640400456,0.0257795707885961,0.0684871192659178,0.0520408004166986,0.0548294349927657,0.0535785846007111,0.0370453469738048,0.0843867909372819,0.0232502771227355,0.0666825859553263,0.0841014846484858,0.0689482893215849,0.0482400103953977,0.119559842254373,0.0642451288430667,0.08689881929046,0.0745721488871056,0.0626106231245063,0.0863340769386018,0.0859366112469017,0.0457650528218731,0.0535056589316018,0.0689881815003986,0.080558461508638,0.0660405068000114,0.0771943675183834,0.0103616500216753,0.0702942827362856,0.0400420993535624,0.0197488618345091,0.0562929155922543,0.0622862448820576,0.0310662237734108,0.0529734236561718,0.0531197553063172,0.0729381057378119,0.0888509838008934,0.0754085124966628,0.0538845147296333,0.128197981492928,0.0604220737541811,0.0238324694234997,0.0354582755532507
0.124617375725809,0.0911139545738213,0.0836020257272325,0.0179592451367312,0.0563293499393702,0.116736626728825,0.0296642439343466,0.0831899786446794,0.0994016179830983,0.123372091019219,0.122677027433124,0.117358171985258,0.044019367481891,0,0.0417415772487385,0.047223041518692,0.0931921836638632,0.0253674298040253,0.028552274098924,0.112267631941675,0.116331157171186,0.0885296671031965,0.0949098884492005,0.0919480316395538,0.0320170548715799,0.0354440702290643,0.0962814467564514,0.0122248621810002,0.0335333231732468,0.0713752853275353,0.0229643023534347,0.0978636017791338,0.0719012394586359,0.0909781235611867,0.113526538827055,0.0834769364101201,0.0585213657085463,0.0499896342407768,0.0588232954184673,0.0360692843456821,0.0273304227621941,0.0427372367802356,0.0784370702773227,0.0509792403698227,0.058608269773063,0.0170678714681091,0.0741444314262571,0.0649111178105824,0.0940711288378844,0.0534527789936644,0.0383886418445604,0.0794106563609438,0.0274359943202475,0.0231270569991038,0.0789244172226306,0.0206655992437276,0.0604839411332578,0.0112388301058302,0.0816156420624324,0.0758617407427517,0.033001322212753,0.0705772712570478,0.0672259300962245,0.0967786776237983,0.100712690022936,0.0915515014137066,0.0141102273550097,0.118361523959808,0.0797725587704681,0.0829493431901836,0.0890251835219846,0.0186021219916893,0.107508030353873,0.0865172026461974,0.0277839839930303,0.0149171134742161,0.0854378763644297,0.10937105769261,0.076320634399719,0.071121702402074,0.0367407289052596,0.072532629293475,0.0171236228877399,0.0278443375639304,0.0670431257083182,0.04569584810917,0.0747638341258707,0.00922364331492162,0.0197701659080615,0.099725034734661,0.0796654272844166,0.0742328805066943,0.0588899605291338,0.129246560127622,0.0643609715920498,0.0615552908847423,0.0201020941015495
0.147844706223495,0.0513386468797911,0.0418909236682179,0.0454285305536043,0.088692884458369,0.0750962342784912,0.0330374632731752,0.0551578103003,0.0612454704947431,0.140156139804314,0.135859845666991,0.134283483383929,0.0334600443892908,0.0417415772487385,0,0.0404499625504997,0.0545579074739116,0.0176586265214618,0.0275052383112841,0.0705277641742801,0.0751337814517001,0.0515288060792764,0.0546679332252079,0.119382859260973,0.0612502046622059,0.0195062932500122,0.0545418211415717,0.0402410211410408,0.0179875564883783,0.0862896122272143,0.0246312532610558,0.0573796015438637,0.0985825728802208,0.0529708003682116,0.141108334920373,0.0459016491948708,0.0474994955507333,0.0762077184495268,0.0502446081581741,0.04076005783828,0.0265324196529462,0.000997508297755946,0.112949306565331,0.0709772605163909,0.0331629341622594,0.0419412227289576,0.0390045233347112,0.0834167867440621,0.0527268001570857,0.0802650589241876,0.0279844926807224,0.0528855411893375,0.0583305852222208,0.0643537059398151,0.096298084757901,0.0246082305262705,0.0351164720768174,0.0422314693090029,0.040495299815226,0.0341796377816675,0.0579904077229758,0.0513127730359218,0.0474048737683576,0.0560192149670482,0.0599982206487865,0.0498128134172926,0.0538718755715901,0.14716690623043,0.0388130972039063,0.112596040446189,0.0486745250172763,0.056700413660772,0.0659761586638542,0.113460349695169,0.0609766012078698,0.0564250986961885,0.100966542519199,0.0680165816033389,0.0371279173236667,0.0437642726744121,0.024275600174997,0.0380636618558944,0.0505301981294915,0.0212208660186277,0.0271231332623344,0.0316108254643981,0.0514640023260649,0.0499040567249474,0.0363820258024277,0.0581765940295435,0.112225906114228,0.101831237268273,0.0815218716167793,0.156783485124997,0.0282440377401077,0.03152679639454,0.0218779477313826
0.111015951261113,0.0631960236420693,0.068658668651531,0.0625944663052506,0.0635998202988046,0.0991452323442277,0.0621097694590025,0.040804403520813,0.0666374859569685,0.100923618654153,0.0958535207809427,0.095192222127497,0.00699924817551777,0.047223041518692,0.0404499625504997,0,0.089224622312909,0.0330603036416303,0.0203702643171935,0.0928014841836064,0.102229199905697,0.0554191184503856,0.0676985677483033,0.0863950523266595,0.0406230693596985,0.0546579430221972,0.0785171654836307,0.0360628219624608,0.0521112603341454,0.0482828270084169,0.0501165904628658,0.088382210643976,0.0666771599628408,0.0885299815122736,0.107177007911285,0.0824611088362355,0.0853162158545019,0.0474761781394894,0.0874410271728776,0.0710106116095874,0.0554502091664979,0.0407420733009969,0.0874420469302964,0.0383380738889037,0.0216087580588596,0.0326052500314991,0.0778002304499261,0.0475667405719533,0.0811126152880126,0.051178038077098,0.0131018414684381,0.0932875813367129,0.0409215709028349,0.0596381270519145,0.0587020763388351,0.0307370143537007,0.0754486036931922,0.0561311938319776,0.0600539486844995,0.0594581412608485,0.0348123315453604,0.091287182728754,0.0220014367535302,0.0710427870393755,0.0901102599329626,0.0744876861087024,0.0495179625363201,0.113930385296247,0.0705888357189699,0.0819362109189798,0.0808717393810483,0.0656154699417548,0.0918193385853984,0.0804818920107281,0.0447468750013696,0.0551108055279563,0.0623510339467084,0.0849408344697724,0.0727091781169122,0.0841916218275944,0.0169199751102705,0.0772299717380845,0.0406944886983847,0.0255117202921505,0.0630455127376739,0.0689203032846778,0.030333076785982,0.0558252416531765,0.0582136212860907,0.0777957274169978,0.0844946566937052,0.0703475632227934,0.0487382148804877,0.122301994006788,0.0673678876489395,0.027908505752557,0.0410586152214447
0.200055144627719,0.047487595273815,0.0252161616694664,0.0896726350151628,0.143250628261283,0.0340361243980587,0.0709961461759798,0.0788057904224645,0.0584991631622289,0.18981304449173,0.183824380170643,0.184186994184671,0.0827183190864924,0.0931921836638632,0.0545579074739116,0.089224622312909,0,0.0718957122529666,0.0815649235593663,0.0347437234541665,0.0286483347631568,0.0581138099548855,0.0460583245114989,0.173202851445509,0.115807481468203,0.0587969742527018,0.0270590878284524,0.0942541967551437,0.0601627122934012,0.137446228146325,0.0710169609015007,0.011043506998938,0.152529942441484,0.00328336859314094,0.194737195458627,0.0101444588344717,0.0579983337317569,0.130456688853012,0.0614277653313572,0.072879502918623,0.0685665380804259,0.0537239522495604,0.16749021489986,0.124384722050509,0.071693532779133,0.0963725220002665,0.020806647996463,0.135885099959017,0.0176818732189648,0.134515890527307,0.0793572841910493,0.0340879034020607,0.112824169754075,0.116311592896626,0.147814036731058,0.0789713616599727,0.0400018184515146,0.0896013455840992,0.0376037452688096,0.0324570656183896,0.112462096190749,0.0468439737393892,0.0845089091631702,0.0431301932927758,0.0139487585741532,0.026137016173481,0.106658801629804,0.201032604433449,0.0190870791903058,0.16686295209716,0.0101977829383064,0.103693648395193,0.025692597751333,0.167249604185898,0.11534725316498,0.108062097035042,0.151566468264327,0.0431928346111014,0.017430654671167,0.0335989375063672,0.0763071175889695,0.0228045923535198,0.104601189102915,0.0756511784717285,0.0274826045253363,0.0554628124387882,0.0831430429728622,0.0996775854067361,0.0801264603488093,0.0356399366109424,0.166761029121984,0.155890979152149,0.135071110599844,0.21026193550122,0.0289639128953901,0.0657487348029956,0.0735065301605315
0.133249868159526,0.0657576376802771,0.0591905817553615,0.0339048117384914,0.0715762910373158,0.0924469091739357,0.029179886155315,0.0609730259383037,0.0742722562589449,0.127428770813401,0.124271249023479,0.121454636727573,0.0270821731460094,0.0253674298040253,0.0176586265214618,0.0330603036416303,0.0718957122529666,0,0.0139636503771794,0.0876220346043607,0.0927304495487982,0.0635789500397546,0.0695424816142683,0.103494370446724,0.0441481965255919,0.0226027061644657,0.0716724682103272,0.0225824929607776,0.0199495581647758,0.0732962120778592,0.017269494946182,0.0750327869561351,0.0826546303180952,0.0701373244201402,0.125332109259286,0.0628880892908676,0.0530822799756069,0.0599960147577937,0.0549129215566956,0.0380869687841952,0.0224137746584229,0.0185967627789502,0.0956630958707852,0.0560463963493824,0.0363232066762326,0.0244872629949443,0.0550315056031038,0.0692782329733329,0.0703056028431695,0.0640182898067797,0.0203202680500403,0.0657341368468503,0.0409627252594775,0.0471822321169063,0.0827889412656323,0.00709220438177601,0.046600630743583,0.0288774030760455,0.0563729638058056,0.0510262742608584,0.0414345147511672,0.0609179507055314,0.047872009798137,0.0714374306708236,0.0776566436516678,0.0669666279167369,0.0364784296236587,0.131130291755023,0.0564702646490463,0.0961662004123575,0.0663115888760186,0.0423243250254188,0.0834418969309863,0.0976351972914522,0.0434558177487432,0.039498849965194,0.0881150626740991,0.0841563189102171,0.0545074316037274,0.0566450329144059,0.0169085940988684,0.0538028249564171,0.0328812897027807,0.00760360625229707,0.0446136427955058,0.0368863528171028,0.054210926552088,0.0342240494287833,0.0270038538024661,0.0746445946647259,0.0952411486182619,0.0857382680558608,0.0662439590621383,0.141097881663475,0.0443922822799214,0.0378895599344423,0.00882284485732448
0.120544718580305,0.0671964192894272,0.0654460073082655,0.0425318551672996,0.0622331455088711,0.0982714954526051,0.0421450693004881,0.0547996271619751,0.0738299109545925,0.113866667721771,0.1104452418714,0.107918286559821,0.0157624441959024,0.028552274098924,0.0275052383112841,0.0203702643171935,0.0815649235593663,0.0139636503771794,0,0.0927653511046426,0.0996661988538985,0.0625810671849253,0.071399933811483,0.0918994661440585,0.0351493154501903,0.0365527575759207,0.0771838542173165,0.0195747871073212,0.0339032454331852,0.0597377810314518,0.0301735377483361,0.0832165001063957,0.0711195666918364,0.0801825583257759,0.113607538961805,0.073266354872136,0.0670340392317158,0.0488928341226494,0.0688161200858724,0.0509968999793912,0.0357212734874963,0.0282027331635102,0.0866947282966808,0.043507439819991,0.0305124079942911,0.0183887300529387,0.0664734300828888,0.0562200955466927,0.0773919200562346,0.0529524305770947,0.00983801867963186,0.0788669256589239,0.0330851380210227,0.0456992946667218,0.0694488005677136,0.0103730041936576,0.059975305458185,0.0362792708881157,0.0600975337589637,0.0565460583417655,0.0311083551352431,0.0747150855892264,0.0387613706383245,0.0739534412036445,0.0855327590108844,0.0726398058656217,0.0347197086814996,0.119699016785443,0.0645595541640169,0.0853015776726211,0.0748113295549994,0.0471430307479557,0.0898000697600142,0.0859706052710796,0.0363459404286996,0.0394134728594416,0.0745418723316762,0.0874480633915939,0.0641900004534839,0.0697176117578457,0.00878099098189314,0.065465721217084,0.0279103805230421,0.00677063270101918,0.0541100086072006,0.0508492658413586,0.0462130145517592,0.0376622869500824,0.0378433621358462,0.0787104434299745,0.0854322584676667,0.0744081938963307,0.0540213079395672,0.129278345623949,0.0557090900648131,0.0343260980657917,0.0209957918143871
0.201614379872708,0.031841225803721,0.0287301802458836,0.113554205688982,0.154222626991956,0.00714138255175413,0.0965876598650674,0.0669830631606384,0.0369239687720623,0.187686905856661,0.17980283361949,0.182560936868357,0.0877843868258508,0.112267631941675,0.0705277641742801,0.0928014841836064,0.0347437234541665,0.0876220346043607,0.0927653511046426,0,0.0145638451517313,0.0432134429958729,0.0277037484464605,0.179140877735432,0.127765062282877,0.0824145127920842,0.0159861889071876,0.109725289262876,0.0828595578424874,0.139466886895845,0.0929529776575121,0.0237192001450759,0.159448988018585,0.0378735508665863,0.199617841377318,0.0420528013682582,0.0901339744838124,0.139248658783924,0.0937134241968655,0.100680511796455,0.0923138862559427,0.0695329531375451,0.178660644970228,0.130985624806047,0.0715862466736004,0.110380033898083,0.0517296459854852,0.140059230510717,0.020695407761192,0.143164932553061,0.087032089829341,0.0686143018794588,0.125847929316647,0.134767658473679,0.14986385714546,0.0940165400709464,0.070701884346967,0.11172837497153,0.033017925754077,0.0366214100778453,0.123185157223019,0.0806340842140834,0.0800127433412399,0.0236503400566647,0.0208611553076962,0.0207166927989914,0.124097331416336,0.206522096966499,0.0346527165631975,0.174638728431227,0.029540541428757,0.126330060271127,0.00916530612745693,0.17324729502989,0.129042485295694,0.126924192641245,0.152113305986924,0.0130042295218162,0.0418922708112307,0.0667681917632059,0.0851845943859792,0.0536615069934837,0.119646868891146,0.0885419692440362,0.0477767692219686,0.083834186743366,0.0753460907284568,0.120269022673706,0.10387389848111,0.0151662508092716,0.176530966640224,0.163096171590538,0.141503985069841,0.214423726664151,0.0550589350923319,0.0650845077987444,0.0922979825411101
0.212369268171935,0.0445220244948698,0.0342556391375133,0.115378471735795,0.161803522874619,0.00860693148872661,0.0973705912042672,0.0799402774855334,0.0510363209885592,0.199360067878564,0.191902919275353,0.194093209797628,0.0966655105561822,0.116331157171186,0.0751337814517001,0.102229199905697,0.0286483347631568,0.0927304495487982,0.0996661988538985,0.0145638451517313,0,0.0562526864102276,0.0408018331896593,0.188527920068535,0.134807317778302,0.0840067829116581,0.0238630683552934,0.115255048228108,0.0848966096135976,0.149820008207066,0.0955030705761602,0.0194621885933652,0.168433483180295,0.0319165739103125,0.209405131127651,0.038071105001502,0.08660094498071,0.147492282786481,0.0900520320656407,0.100254624481488,0.0939903643973303,0.0741710577843679,0.186289584436752,0.139890118627055,0.0816926656487762,0.116486292739493,0.0487202525101468,0.149784806578066,0.0224318233725979,0.151483475813231,0.0950507348451133,0.0621970409715661,0.132479625677941,0.139286004619337,0.160270779058684,0.0995019710846668,0.068169237707804,0.114399543328037,0.0424154353340765,0.0433449492435893,0.130631410829223,0.0753791588947213,0.0914928633307158,0.0367324839309379,0.0162387079012473,0.0277423825111978,0.128967443167893,0.216144771533507,0.0365615487245277,0.183416996884794,0.0279840422838069,0.128868713786743,0.010514486124647,0.182590754719596,0.135447426093732,0.131209385133891,0.162949915503985,0.0275555069642505,0.0413410983456283,0.0622468002051096,0.092760521708406,0.0507457824454595,0.125446983678588,0.0947518402591855,0.0495298857718106,0.0829199341614975,0.0875552389080991,0.123729965435573,0.105680501390401,0.0274310247891914,0.184644590135156,0.172006839234804,0.150538347384873,0.224470911181161,0.0547170982271457,0.0751760978443288,0.0962331592920223
0.159870481924653,0.0118066125008354,0.0332079397605107,0.0962763265626129,0.11899888354793,0.0503234289668083,0.0843706005927879,0.0237759826791732,0.0113597120701226,0.14496097273869,0.136773686440869,0.139974535428733,0.0522797096731821,0.0885296671031965,0.0515288060792764,0.0554191184503856,0.0581138099548855,0.0635789500397546,0.0625810671849253,0.0432134429958729,0.0562526864102276,0,0.0155331654250597,0.139712931304511,0.0947423061300359,0.0700938007244558,0.034336126178987,0.0819540742362806,0.0691035642606139,0.0987348232788031,0.0759422255791494,0.0508980258425066,0.121040369350556,0.0595194093920664,0.159330144859645,0.0577350671685161,0.0915768021138988,0.102866760668247,0.0950120705989971,0.0915173472628146,0.0780373351776089,0.0506987490861703,0.142836568549736,0.0933182633943629,0.0341352235262323,0.0809118601404996,0.0610562819670465,0.100477043848042,0.041992800511432,0.106509727199654,0.0541323704954992,0.0818975917209341,0.0939914680741656,0.108186279109519,0.108930569789409,0.0679479241037631,0.0729912290541784,0.0921258785458509,0.021167082339633,0.0291121776790428,0.0893240514295063,0.0885080281636787,0.0383714478279122,0.0196133635715015,0.0507395788367324,0.0328808310456108,0.0971618718002258,0.166467896368707,0.0418160398001706,0.136435840090451,0.0479470179219744,0.105898487154598,0.046229087913828,0.133960243273003,0.0976319994272476,0.101454704492259,0.110495039848782,0.0321736882145565,0.0498755375139428,0.0754270886648108,0.0538469804698738,0.0620336021092529,0.0903979638229166,0.0609662813779045,0.0465098951314299,0.0787069836445081,0.0325911896920139,0.0976233903144976,0.0876685649990573,0.0288221453175205,0.139683335363678,0.124783435311582,0.103307615076586,0.173641730181464,0.0561567474853437,0.0286677521390244,0.0711726293027354
